Our AMPs
15
13
31
10
10
54
12
67
25
36
7
82
27
49
16
8
47
12
69
57
6
13
45
11
36
11
80
10
36
16
12
8
48
33
73
67
15
10
25
34
96
98
11
7
34
75
85
72
18
72
14
14
11
77
77
5
22
52
10
28
23
43
9
11
6
18
13
12
51
9
64
42
77
38
10
6
23
43
14
14
92
22
47
10
35
7
16
21
10
7
44
44
25
8
15
15
21
51
30
8
28
11
21
10
19
16
10
15
7
42
22
9
14
18
40
10
21
27
11
71
23
23
15
12
10
10
6
25
32
6
6
30
6
6
41
6
9
30
30
74
22
23
5
11
8
9
6
23
10
19
6
9
18
13
10
10
10
33
9
14
13
8
16
23
5
16
6
10
10
10
4
5
27
22
24
14
44
11
18
13
78
10
26
19
11
42
8
6
9
8
7
26
12
