APD3 microbial AMPs
23
28
50
39
34
34
32
36
23
17
32
31
23
68
43
44
43
44
37
43
43
23
26
13
58
69
84
64
47
43
43
44
43
43
43
43
37
37
37
37
44
45
49
45
58
35
70
43
70
60
7
12
34
47
25
27
21
22
20
53
21
23
39
41
47
39
28
89
28
60
48
59
62
45
45
44
33
21
30
25
43
23
30
70
44
44
53
58
34
44
44
44
44
36
76
30
22
84
44
35
42
25
27
27
27
26
37
22
15
15
7
43
88
90
77
60
64
29
76
17
53
32
24
35
39
32
19
19
19
21
66
21
96
19
37
33
33
29
30
22
33
31
30
24
34
30
24
16
60
63
34
21
18
22
45
63
52
51
19
20
33
29
41
8
71
11
29
103
104
24
24
22
25
72
22
27
38
95
101
116
24
21
24
6
6
6
6
12
11
11
13
12
35
23
32
12
70
53
44
11
30
44
32
43
123
26
54
39
22
34
10
12
23
13
20
22
22
44
33
14
8
18
7
7
9
31
21
64
57
106
78
45
26
16
7
24
5
16
47
8
12
70
26
18
22
32
6
6
6
6
6
6
8
38
70
66
42
42
44
28
10
8
15
12
27
9
15
17
38
29
22
30
12
13
36
15
30
38
32
45
35
23
17
47
45
9
39
35
18
12
58
24
44
46
11
22
22
21
51
51
56
34
46
52
35
35
11
73
16
27
28
