length
276
278
387
430
541
333
332
252
198
392
247
295
361
389
285
245
322
260
353
316
144
137
232
191
182
180
334
397
227
299
372
169
464
188
186
1057
210
303
153
227
232
246
390
218
195
766
233
272
345
306
316
423
215
280
632
620
224
215
149
237
340
407
269
578
341
389
439
729
379
281
234
242
247
261
205
295
152
309
191
257
366
277
251
463
253
248
279
365
307
243
1269
376
261
187
331
271
630
234
281
266
225
236
820
374
434
253
268
457
187
620
637
569
245
682
260
250
454
348
360
443
379
294
528
212
363
434
286
675
438
382
298
334
188
236
365
296
262
368
487
502
797
118
360
1058
590
336
302
137
300
410
336
355
917
653
254
187
745
421
318
679
355
331
293
645
452
346
324
210
189
538
792
716
367
328
418
325
381
114
192
288
187
246
206
220
311
229
177
489
247
342
357
210
304
